   0    31.052128 0.000138
   1    51.075450 0.000000
   2    42.611714 0.000000
   3    45.090703 0.000000
   4    63.271358 0.000000
   5    21.413703 0.000262
   6    23.710591 0.000091
   7   190.797306 0.000000
   8   179.578582 0.000000
   9   156.974121 0.000000
  10   173.817002 0.000000
  11   187.618150 0.000000
  12   150.302557 0.000000
  13   202.251536 0.000000
  14    61.022462 0.000000
  15    73.812939 0.000000
  16    63.395282 0.000000
  17    66.351290 0.000000
  18    70.911110 0.000000
  19    78.481761 0.000000
  20    46.101053 0.000001
  21     0.401772 0.526175
  22     0.401772 0.526175
  23     0.803586 0.669119
  24     0.401772 0.526175
  25     1.205441 0.272237
  26     0.445472 0.504493
  27     0.401772 0.526175
  28   165.214948 0.000000
  29   152.742935 0.000000
  30   184.077731 0.000000
  31   207.303539 0.000000
  32   155.595675 0.000000
  33   161.396946 0.000000
  34   160.769529 0.000000
  35     7.522115 0.821273
  36     7.569913 0.910509
  37     9.487595 0.486536
  38    19.070158 0.059846
  39    10.230673 0.509765
  40     8.841208 0.452060
  41    14.522176 0.104925
  42    20.092152 0.044093
  43    25.079884 0.014449
  44    28.694130 0.001396
  45    15.865548 0.103546
  46    23.484886 0.005194
  47    24.378217 0.003742
  48    25.657099 0.004230
  49     0.314515 0.574923
  50     2.228282 0.135504
  51     2.183966 0.335550
  52     0.891037 0.345197
  53     0.032041 0.857939
  54     0.314515 0.574923
  55     0.026221 0.871361
  56   101.056192 0.000000
  57    57.070585 0.000000
  58    90.953699 0.000000
  59    76.897937 0.000000
  60    77.218050 0.000000
  61    55.954305 0.000000
  62    89.573224 0.000000
  63    64.935907 0.000000
  64   103.180450 0.000000
  65    87.556880 0.000000
  66    68.507912 0.000000
  67   101.691102 0.000000
  68   105.760608 0.000000
  69    96.083718 0.000000
  70    41.512377 0.000020
  71    76.986522 0.000000
  72    70.476464 0.000000
  73    56.899962 0.000000
  74    69.116861 0.000000
  75    58.638848 0.000000
  76    68.017061 0.000000
  77     0.401772 0.526175
  78     0.000000 1.000000
  79     2.489230 0.114628
  80     0.445472 0.504493
  81     2.489230 0.114628
  82     0.803586 0.370023
  83     0.000000 1.000000
  84    65.432912 0.000001
  85    81.268262 0.000000
  86    66.178711 0.000000
  87    65.872132 0.000000
  88    68.548481 0.000000
  89    90.759393 0.000000
  90    52.987886 0.000000
  91    61.312440 0.000000
  92    58.676881 0.000000
  93    74.711379 0.000000
  94    52.424368 0.000000
  95    58.742355 0.000000
  96    48.839349 0.000000
  97    46.583274 0.000000
  98    36.928526 0.000425
  99    65.332545 0.000000
 100    28.122741 0.001725
 101    51.397947 0.000000
 102    38.267266 0.000007
 103    35.561702 0.000009
 104    51.310831 0.000000
 105     0.367039 0.544623
 106     0.182554 0.669187
 107     0.844819 0.358022
 108     0.128222 0.720283
 109     0.622619 0.430076
 110     0.028287 0.866436
 111     0.182554 0.669187
 112    31.210775 0.000272
 113    50.485654 0.000000
 114    45.542085 0.000000
 115    44.585872 0.000003
 116    17.965537 0.021486
 117    18.971921 0.001945
 118    48.894974 0.000000
 119    38.644047 0.000061
 120    52.000884 0.000001
 121    42.890956 0.000011
 122    51.864728 0.000000
 123    70.061048 0.000000
 124    30.744100 0.000156
 125    32.840944 0.000142
 126    32.684817 0.000152
 127    31.140058 0.000133
 128    23.084602 0.001648
 129    50.948105 0.000000
 130    45.318379 0.000000
 131    24.518460 0.000419
 132    31.154368 0.000132
 133     0.591088 0.441999
 134     0.183472 0.668406
 135     1.518188 0.217894
 136     0.422279 0.515802
 137     0.182554 0.669187
 138     1.097110 0.294901
 139     0.064091 0.800143
 140    22.940934 0.006330
 141    14.234289 0.162571
 142    20.250306 0.026972
 143    10.925824 0.363326
 144    11.541863 0.172845
 145    33.967950 0.000007
 146    10.190331 0.116862
 147    59.213326 0.000000
 148    47.536455 0.000000
 149    31.021024 0.000294
 150    35.618198 0.000021
 151    43.514232 0.000001
 152    17.036635 0.017161
 153    40.761113 0.000002
 154    11.720107 0.229552
 155    20.144512 0.009803
 156    13.017764 0.042755
 157    17.369916 0.026480
 158    19.167777 0.003889
 159    13.012571 0.042837
 160    22.721265 0.003741
 161     0.795092 0.671967
 162     3.514035 0.172559
 163     7.238253 0.007137
 164     1.022950 0.599611
 165     0.074602 0.784750
 166     0.020751 0.885458
 167     1.724829 0.189073
 168    14.206331 0.076543
 169    19.959100 0.018167
 170     7.144577 0.622070
 171    13.141983 0.156286
 172     8.718880 0.273474
 173     9.987985 0.075576
 174     6.437708 0.375983
 175    88.623762 0.000000
 176    72.770931 0.000000
 177    61.149841 0.000000
 178    79.001452 0.000000
 179    77.224504 0.000000
 180    68.746828 0.000000
 181    75.806253 0.000000
 182    31.159415 0.005266
 183    19.867780 0.098557
 184    19.004679 0.088416
 185    22.673775 0.030627
 186    39.716911 0.000040
 187    15.275060 0.122351
 188    25.281651 0.008289
 189     1.817988 0.402929
 190     2.061557 0.151056
 191     0.430020 0.806534
 192     1.380979 0.239934
 193     0.198368 0.656041
 194     3.606723 0.057546
 195     1.703977 0.191769
 196    16.500067 0.035757
 197     9.399566 0.494649
 198     9.666907 0.208248
 199     4.336462 0.825563
 200     7.672595 0.362347
 201     9.626265 0.141299
 202     3.622017 0.727671
 203    25.024572 0.001540
 204    34.142012 0.000084
 205    37.379494 0.000010
 206    48.085176 0.000000
 207    52.940370 0.000000
 208    32.290725 0.000014
 209    63.573985 0.000000
 210    30.736490 0.000648
 211    30.388888 0.000180
 212    38.032122 0.000003
 213    31.809640 0.000101
 214    39.339686 0.000001
 215    32.511753 0.000013
 216    21.372356 0.003256
 217     0.950163 0.329678
 218     4.537935 0.103419
 219     3.294394 0.069517
 220     0.192393 0.660933
 221     0.525614 0.768890
 222     2.911828 0.233187
 223     1.345557 0.510289
 224    25.752365 0.002242
 225     4.905355 0.671512
 226    10.499605 0.231695
 227     5.736873 0.570787
 228     6.348121 0.499739
 229     4.388590 0.494927
 230     8.048787 0.089807
 231    22.677665 0.012001
 232    18.660187 0.028242
 233    21.759372 0.009674
 234    22.473634 0.007493
 235    28.720456 0.000722
 236    27.302277 0.000627
 237    26.017615 0.002029
 238     6.792931 0.744838
 239    17.377212 0.043126
 240     9.964096 0.267555
 241    10.970644 0.277727
 242    18.915396 0.041351
 243    12.147500 0.205121
 244    12.170173 0.143771
 245     2.426589 0.119292
 246     0.422090 0.515896
 247     1.303562 0.253564
 248     0.104951 0.745967
 249     0.319403 0.571967
 250     0.721053 0.697309
 251     1.380979 0.239934
 252     3.841220 0.871157
 253     3.474629 0.901150
 254     9.550554 0.215505
 255     3.550654 0.615737
 256     4.600345 0.595993
 257     1.555635 0.906562
 258     0.473965 0.924573
 259    31.995851 0.000401
 260    33.364357 0.000849
 261    16.353422 0.089952
 262    30.450723 0.001346
 263    16.940486 0.075691
 264     9.262356 0.413418
 265    10.001861 0.440330
 266    45.713176 0.000008
 267    27.116649 0.004412
 268    38.835212 0.000112
 269    22.709492 0.011871
 270    23.628649 0.008649
 271    19.479837 0.021408
 272    35.091008 0.000057
 273     1.169200 0.760400
 274     0.539554 0.462618
 275     1.345557 0.510289
 276     0.480908 0.786271
 277     4.489192 0.034110
 278     0.452982 0.797326
 279     0.078697 0.779071
